version https://git-lfs.github.com/spec/v1
oid sha256:a0deffe40514a1bfb1418fd606a162dbbc6180c46286acfa40c3a3a7764d02d6
size 157974
