version https://git-lfs.github.com/spec/v1
oid sha256:d9714c2de7e51d8d0a45f9a4fc69a94074f9f320c691c83ddb294298e43f2b35
size 156648
